              precision    recall  f1-score   support

           0       0.98      0.99      0.99       980
           1       0.99      0.99      0.99      1135
           2       0.98      0.98      0.98      1032
           3       0.98      0.99      0.98      1010
           4       0.98      0.98      0.98       982
           5       0.98      0.98      0.98       892
           6       0.99      0.98      0.99       958
           7       0.97      0.97      0.97      1028
           8       0.98      0.98      0.98       974
           9       0.97      0.96      0.97      1009

    accuracy                           0.98     10000
   macro avg       0.98      0.98      0.98     10000
weighted avg       0.98      0.98      0.98     10000

accuracy_score :  0.9802
Precision: 0.98
Recall: 0.98
F1 Score: 0.98
